
% Filename : bipolarCoolwarmDark.m
% Authors  : Kenneth Moreland | Manuel C. Kohl
% Date     : 14.12.2016

function rgbMap = bipolarCoolwarmDark(n)
	
	rgbValues = [
	   0.097481000000000   0.507361000000000   0.982050000000000
	   0.103297000000000   0.503886000000000   0.974284000000000
	   0.108633000000000   0.500409000000000   0.966535000000000
	   0.113690000000000   0.496942000000000   0.958799000000000
	   0.118405000000000   0.493479000000000   0.951074000000000
	   0.122753000000000   0.490022000000000   0.943359000000000
	   0.126920000000000   0.486570000000000   0.935656000000000
	   0.130887000000000   0.483118000000000   0.927961000000000
	   0.134599000000000   0.479683000000000   0.920283000000000
	   0.138107000000000   0.476239000000000   0.912619000000000
	   0.141429000000000   0.472799000000000   0.904966000000000
	   0.144583000000000   0.469382000000000   0.897324000000000
	   0.147583000000000   0.465942000000000   0.889689000000000
	   0.150429000000000   0.462521000000000   0.882070000000000
	   0.153122000000000   0.459115000000000   0.874463000000000
	   0.155737000000000   0.455700000000000   0.866867000000000
	   0.158196000000000   0.452303000000000   0.859287000000000
	   0.160509000000000   0.448899000000000   0.851717000000000
	   0.162773000000000   0.445491000000000   0.844160000000000
	   0.164876000000000   0.442113000000000   0.836617000000000
	   0.166931000000000   0.438712000000000   0.829089000000000
	   0.168858000000000   0.435343000000000   0.821568000000000
	   0.170678000000000   0.431970000000000   0.814057000000000
	   0.172420000000000   0.428587000000000   0.806569000000000
	   0.174093000000000   0.425225000000000   0.799088000000000
	   0.175656000000000   0.421850000000000   0.791617000000000
	   0.177184000000000   0.418495000000000   0.784167000000000
	   0.178617000000000   0.415148000000000   0.776724000000000
	   0.179947000000000   0.411801000000000   0.769289000000000
	   0.181219000000000   0.408460000000000   0.761874000000000
	   0.182432000000000   0.405123000000000   0.754478000000000
	   0.183587000000000   0.401786000000000   0.747087000000000
	   0.184682000000000   0.398469000000000   0.739716000000000
	   0.185722000000000   0.395149000000000   0.732352000000000
	   0.186652000000000   0.391833000000000   0.725003000000000
	   0.187577000000000   0.388524000000000   0.717669000000000
	   0.188410000000000   0.385209000000000   0.710345000000000
	   0.189179000000000   0.381913000000000   0.703038000000000
	   0.189904000000000   0.378621000000000   0.695745000000000
	   0.190575000000000   0.375327000000000   0.688466000000000
	   0.191197000000000   0.372043000000000   0.681192000000000
	   0.191771000000000   0.368778000000000   0.673945000000000
	   0.192295000000000   0.365498000000000   0.666704000000000
	   0.192771000000000   0.362235000000000   0.659485000000000
	   0.193200000000000   0.358963000000000   0.652276000000000
	   0.193585000000000   0.355724000000000   0.645078000000000
	   0.193926000000000   0.352463000000000   0.637901000000000
	   0.194219000000000   0.349221000000000   0.630741000000000
	   0.194462000000000   0.345970000000000   0.623590000000000
	   0.194658000000000   0.342756000000000   0.616451000000000
	   0.194810000000000   0.339530000000000   0.609331000000000
	   0.194920000000000   0.336290000000000   0.602220000000000
	   0.194991000000000   0.333090000000000   0.595129000000000
	   0.195023000000000   0.329878000000000   0.588048000000000
	   0.195016000000000   0.326654000000000   0.580991000000000
	   0.194972000000000   0.323465000000000   0.573945000000000
	   0.194891000000000   0.320283000000000   0.566922000000000
	   0.194773000000000   0.317084000000000   0.559906000000000
	   0.194618000000000   0.313906000000000   0.552901000000000
	   0.194424000000000   0.310739000000000   0.545926000000000
	   0.194189000000000   0.307547000000000   0.538955000000000
	   0.193914000000000   0.304390000000000   0.532003000000000
	   0.193601000000000   0.301227000000000   0.525066000000000
	   0.193255000000000   0.298076000000000   0.518150000000000
	   0.192877000000000   0.294933000000000   0.511239000000000
	   0.192466000000000   0.291808000000000   0.504364000000000
	   0.192021000000000   0.288671000000000   0.497491000000000
	   0.191543000000000   0.285530000000000   0.490638000000000
	   0.191034000000000   0.282437000000000   0.483788000000000
	   0.190494000000000   0.279321000000000   0.476972000000000
	   0.189924000000000   0.276217000000000   0.470174000000000
	   0.189322000000000   0.273106000000000   0.463376000000000
	   0.188694000000000   0.270019000000000   0.456611000000000
	   0.188042000000000   0.266912000000000   0.449863000000000
	   0.187332000000000   0.263853000000000   0.443130000000000
	   0.186584000000000   0.260764000000000   0.436412000000000
	   0.185849000000000   0.257690000000000   0.429711000000000
	   0.185050000000000   0.254650000000000   0.423021000000000
	   0.184211000000000   0.251594000000000   0.416365000000000
	   0.183353000000000   0.248549000000000   0.409723000000000
	   0.182467000000000   0.245479000000000   0.403094000000000
	   0.181558000000000   0.242452000000000   0.396479000000000
	   0.180624000000000   0.239435000000000   0.389886000000000
	   0.179667000000000   0.236424000000000   0.383328000000000
	   0.178690000000000   0.233381000000000   0.376776000000000
	   0.177679000000000   0.230380000000000   0.370229000000000
	   0.176586000000000   0.227400000000000   0.363716000000000
	   0.175513000000000   0.224381000000000   0.357237000000000
	   0.174425000000000   0.221422000000000   0.350760000000000
	   0.173274000000000   0.218445000000000   0.344285000000000
	   0.172110000000000   0.215468000000000   0.337853000000000
	   0.170926000000000   0.212510000000000   0.331431000000000
	   0.169731000000000   0.209549000000000   0.325035000000000
	   0.168466000000000   0.206628000000000   0.318668000000000
	   0.167215000000000   0.203677000000000   0.312297000000000
	   0.165883000000000   0.200711000000000   0.305991000000000
	   0.164583000000000   0.197803000000000   0.299665000000000
	   0.163243000000000   0.194903000000000   0.293360000000000
	   0.161874000000000   0.191977000000000   0.287084000000000
	   0.160423000000000   0.189084000000000   0.280829000000000
	   0.159022000000000   0.186198000000000   0.274609000000000
	   0.157547000000000   0.183291000000000   0.268409000000000
	   0.156101000000000   0.180414000000000   0.262223000000000
	   0.154562000000000   0.177580000000000   0.256049000000000
	   0.153019000000000   0.174711000000000   0.249901000000000
	   0.151466000000000   0.171838000000000   0.243786000000000
	   0.149912000000000   0.169022000000000   0.237716000000000
	   0.148272000000000   0.166158000000000   0.231642000000000
	   0.146647000000000   0.163361000000000   0.225586000000000
	   0.145053000000000   0.160515000000000   0.219569000000000
	   0.143390000000000   0.157733000000000   0.213573000000000
	   0.141750000000000   0.154961000000000   0.207634000000000
	   0.140091000000000   0.152202000000000   0.201710000000000
	   0.138507000000000   0.149518000000000   0.195876000000000
	   0.136925000000000   0.146804000000000   0.190082000000000
	   0.135409000000000   0.144194000000000   0.184372000000000
	   0.133999000000000   0.141626000000000   0.178763000000000
	   0.132675000000000   0.139097000000000   0.173238000000000
	   0.131502000000000   0.136699000000000   0.167865000000000
	   0.130527000000000   0.134442000000000   0.162677000000000
	   0.129726000000000   0.132263000000000   0.157636000000000
	   0.129157000000000   0.130284000000000   0.152835000000000
	   0.128909000000000   0.128416000000000   0.148300000000000
	   0.128989000000000   0.126759000000000   0.144071000000000
	   0.129445000000000   0.125362000000000   0.140114000000000
	   0.130306000000000   0.124151000000000   0.136519000000000
