
% Filename : circularRainbow.m
% Authors  : Peter Kovesi | Manuel C. Kohl
% Date     : 14.12.2016

function rgbMap = circularRainbow(n)
	
	rgbValues = [
	   0.937688000000000   0.333524000000000   0.948091000000000
	   0.943832000000000   0.342828000000000   0.942393000000000
	   0.949390000000000   0.352750000000000   0.936128000000000
	   0.954392000000000   0.363232000000000   0.929311000000000
	   0.958860000000000   0.374216000000000   0.921979000000000
	   0.962829000000000   0.385575000000000   0.914155000000000
	   0.966340000000000   0.397272000000000   0.905883000000000
	   0.969436000000000   0.409209000000000   0.897208000000000
	   0.972159000000000   0.421299000000000   0.888172000000000
	   0.974539000000000   0.433497000000000   0.878829000000000
	   0.976626000000000   0.445734000000000   0.869226000000000
	   0.978446000000000   0.457972000000000   0.859397000000000
	   0.980040000000000   0.470168000000000   0.849387000000000
	   0.981421000000000   0.482281000000000   0.839222000000000
	   0.982617000000000   0.494300000000000   0.828938000000000
	   0.983645000000000   0.506196000000000   0.818543000000000
	   0.984527000000000   0.517989000000000   0.808076000000000
	   0.985266000000000   0.529642000000000   0.797533000000000
	   0.985878000000000   0.541157000000000   0.786940000000000
	   0.986372000000000   0.552554000000000   0.776288000000000
	   0.986756000000000   0.563819000000000   0.765594000000000
	   0.987036000000000   0.574940000000000   0.754857000000000
	   0.987225000000000   0.585954000000000   0.744073000000000
	   0.987329000000000   0.596830000000000   0.733261000000000
	   0.987359000000000   0.607585000000000   0.722406000000000
	   0.987323000000000   0.618208000000000   0.711527000000000
	   0.987233000000000   0.628715000000000   0.700603000000000
	   0.987102000000000   0.639094000000000   0.689645000000000
	   0.986942000000000   0.649357000000000   0.678645000000000
	   0.986769000000000   0.659488000000000   0.667616000000000
	   0.986595000000000   0.669503000000000   0.656545000000000
	   0.986436000000000   0.679384000000000   0.645426000000000
	   0.986305000000000   0.689155000000000   0.634284000000000
	   0.986211000000000   0.698787000000000   0.623088000000000
	   0.986165000000000   0.708312000000000   0.611844000000000
	   0.986172000000000   0.717716000000000   0.600553000000000
	   0.986236000000000   0.727001000000000   0.589203000000000
	   0.986356000000000   0.736180000000000   0.577794000000000
	   0.986531000000000   0.745264000000000   0.566320000000000
	   0.986753000000000   0.754257000000000   0.554758000000000
	   0.987015000000000   0.763154000000000   0.543105000000000
	   0.987306000000000   0.771982000000000   0.531342000000000
	   0.987613000000000   0.780738000000000   0.519460000000000
	   0.987915000000000   0.789439000000000   0.507436000000000
	   0.988199000000000   0.798073000000000   0.495260000000000
	   0.988446000000000   0.806659000000000   0.482912000000000
	   0.988635000000000   0.815182000000000   0.470388000000000
	   0.988746000000000   0.823650000000000   0.457646000000000
	   0.988752000000000   0.832060000000000   0.444700000000000
	   0.988628000000000   0.840393000000000   0.431506000000000
	   0.988343000000000   0.848634000000000   0.418045000000000
	   0.987865000000000   0.856767000000000   0.404327000000000
	   0.987155000000000   0.864764000000000   0.390333000000000
	   0.986163000000000   0.872591000000000   0.376069000000000
	   0.984851000000000   0.880197000000000   0.361516000000000
	   0.983160000000000   0.887543000000000   0.346700000000000
	   0.981048000000000   0.894578000000000   0.331631000000000
	   0.978455000000000   0.901226000000000   0.316372000000000
	   0.975339000000000   0.907443000000000   0.300918000000000
	   0.971656000000000   0.913155000000000   0.285373000000000
	   0.967365000000000   0.918306000000000   0.269826000000000
	   0.962437000000000   0.922845000000000   0.254315000000000
	   0.956863000000000   0.926719000000000   0.238952000000000
	   0.950639000000000   0.929902000000000   0.223876000000000
	   0.943771000000000   0.932362000000000   0.209203000000000
	   0.936285000000000   0.934099000000000   0.195058000000000
	   0.928203000000000   0.935119000000000   0.181532000000000
	   0.919585000000000   0.935443000000000   0.168836000000000
	   0.910473000000000   0.935102000000000   0.156970000000000
	   0.900913000000000   0.934145000000000   0.146103000000000
	   0.890971000000000   0.932627000000000   0.136225000000000
	   0.880697000000000   0.930612000000000   0.127473000000000
	   0.870144000000000   0.928148000000000   0.119769000000000
	   0.859367000000000   0.925314000000000   0.113150000000000
	   0.848400000000000   0.922162000000000   0.107415000000000
	   0.837288000000000   0.918740000000000   0.102569000000000
	   0.826051000000000   0.915112000000000   0.098502000000000
	   0.814723000000000   0.911316000000000   0.095091000000000
	   0.803324000000000   0.907388000000000   0.092162000000000
	   0.791866000000000   0.903355000000000   0.089659000000000
	   0.780359000000000   0.899246000000000   0.087518000000000
	   0.768811000000000   0.895079000000000   0.085510000000000
	   0.757233000000000   0.890864000000000   0.083837000000000
	   0.745619000000000   0.886624000000000   0.082243000000000
	   0.733976000000000   0.882352000000000   0.080673000000000
	   0.722295000000000   0.878067000000000   0.079194000000000
	   0.710601000000000   0.873765000000000   0.077792000000000
	   0.698863000000000   0.869457000000000   0.076415000000000
	   0.687099000000000   0.865139000000000   0.075063000000000
	   0.675294000000000   0.860818000000000   0.073757000000000
	   0.663455000000000   0.856488000000000   0.072319000000000
	   0.651565000000000   0.852155000000000   0.071005000000000
	   0.639628000000000   0.847804000000000   0.069678000000000
	   0.627641000000000   0.843452000000000   0.068313000000000
	   0.615598000000000   0.839095000000000   0.066946000000000
	   0.603505000000000   0.834729000000000   0.065602000000000
	   0.591341000000000   0.830355000000000   0.064284000000000
	   0.579114000000000   0.825970000000000   0.063016000000000
	   0.566812000000000   0.821583000000000   0.061599000000000
	   0.554426000000000   0.817184000000000   0.060374000000000
	   0.541951000000000   0.812777000000000   0.059088000000000
	   0.529396000000000   0.808369000000000   0.057695000000000
	   0.516724000000000   0.803948000000000   0.056522000000000
	   0.503949000000000   0.799524000000000   0.055189000000000
	   0.491057000000000   0.795083000000000   0.053903000000000
	   0.478012000000000   0.790640000000000   0.052644000000000
	   0.464840000000000   0.786193000000000   0.051424000000000
	   0.451514000000000   0.781731000000000   0.050257000000000
	   0.438032000000000   0.777261000000000   0.049220000000000
	   0.424375000000000   0.772770000000000   0.048120000000000
	   0.410564000000000   0.768269000000000   0.047322000000000
	   0.396557000000000   0.763754000000000   0.046740000000000
	   0.382394000000000   0.759216000000000   0.046427000000000
	   0.368078000000000   0.754661000000000   0.046596000000000
	   0.353614000000000   0.750060000000000   0.047299000000000
	   0.339062000000000   0.745430000000000   0.048740000000000
	   0.324426000000000   0.740751000000000   0.050897000000000
	   0.309837000000000   0.736016000000000   0.054069000000000
	   0.295322000000000   0.731217000000000   0.058336000000000
	   0.281049000000000   0.726343000000000   0.063783000000000
	   0.267165000000000   0.721371000000000   0.070322000000000
	   0.253870000000000   0.716308000000000   0.077992000000000
	   0.241338000000000   0.711121000000000   0.086870000000000
	   0.229810000000000   0.705805000000000   0.096608000000000
	   0.219614000000000   0.700353000000000   0.107413000000000
	   0.210918000000000   0.694751000000000   0.118989000000000
