
% Filename : circularParula.m
% Authors  : The Mathworks Inc. | Manuel C. Kohl
% Date     : 14.12.2016

function rgbMap = circularParula(n)
	
	rgbValues = [
	   0.208100000000000   0.166300000000000   0.529200000000000
	   0.209100000000000   0.172100000000000   0.541100000000000
	   0.210100000000000   0.177900000000000   0.553000000000000
	   0.210900000000000   0.183700000000000   0.565000000000000
	   0.211600000000000   0.189500000000000   0.577100000000000
	   0.212100000000000   0.195400000000000   0.589200000000000
	   0.212400000000000   0.201300000000000   0.601300000000000
	   0.212500000000000   0.207200000000000   0.613500000000000
	   0.212300000000000   0.213200000000000   0.625800000000000
	   0.211800000000000   0.219200000000000   0.638100000000000
	   0.211100000000000   0.225300000000000   0.650500000000000
	   0.209900000000000   0.231500000000000   0.662900000000000
	   0.208400000000000   0.237700000000000   0.675300000000000
	   0.206300000000000   0.244000000000000   0.687800000000000
	   0.203800000000000   0.250300000000000   0.700300000000000
	   0.200600000000000   0.256800000000000   0.712900000000000
	   0.196800000000000   0.263200000000000   0.725500000000000
	   0.192100000000000   0.269800000000000   0.738100000000000
	   0.186700000000000   0.276400000000000   0.750700000000000
	   0.180200000000000   0.283200000000000   0.763400000000000
	   0.172800000000000   0.290200000000000   0.776200000000000
	   0.164100000000000   0.297500000000000   0.789000000000000
	   0.154100000000000   0.305200000000000   0.801700000000000
	   0.142700000000000   0.313200000000000   0.814500000000000
	   0.129500000000000   0.321700000000000   0.826900000000000
	   0.114700000000000   0.330600000000000   0.838700000000000
	   0.098600000000000   0.339700000000000   0.849500000000000
	   0.081600000000000   0.348600000000000   0.858800000000000
	   0.064600000000000   0.357200000000000   0.866400000000000
	   0.048200000000000   0.365100000000000   0.872200000000000
	   0.032900000000000   0.372400000000000   0.876500000000000
	   0.021300000000000   0.379200000000000   0.879600000000000
	   0.013600000000000   0.385300000000000   0.881500000000000
	   0.008600000000000   0.391100000000000   0.882700000000000
	   0.006000000000000   0.396500000000000   0.883300000000000
	   0.005100000000000   0.401700000000000   0.883400000000000
	   0.005400000000000   0.406600000000000   0.883100000000000
	   0.006700000000000   0.411300000000000   0.882500000000000
	   0.008900000000000   0.415900000000000   0.881600000000000
	   0.011600000000000   0.420300000000000   0.880500000000000
	   0.014800000000000   0.424600000000000   0.879300000000000
	   0.018400000000000   0.428800000000000   0.877900000000000
	   0.022300000000000   0.432900000000000   0.876300000000000
	   0.026400000000000   0.437000000000000   0.874700000000000
	   0.030600000000000   0.441000000000000   0.872900000000000
	   0.034900000000000   0.444900000000000   0.871100000000000
	   0.039400000000000   0.448800000000000   0.869200000000000
	   0.043700000000000   0.452600000000000   0.867200000000000
	   0.047700000000000   0.456400000000000   0.865200000000000
	   0.051400000000000   0.460200000000000   0.863200000000000
	   0.054900000000000   0.464000000000000   0.861100000000000
	   0.058200000000000   0.467700000000000   0.858900000000000
	   0.061200000000000   0.471400000000000   0.856800000000000
	   0.064000000000000   0.475100000000000   0.854600000000000
	   0.066600000000000   0.478800000000000   0.852500000000000
	   0.068900000000000   0.482500000000000   0.850300000000000
	   0.071000000000000   0.486200000000000   0.848100000000000
	   0.072900000000000   0.489900000000000   0.846000000000000
	   0.074600000000000   0.493700000000000   0.843900000000000
	   0.076100000000000   0.497400000000000   0.841800000000000
	   0.077300000000000   0.501200000000000   0.839800000000000
	   0.078200000000000   0.505100000000000   0.837800000000000
	   0.078900000000000   0.508900000000000   0.835900000000000
	   0.079400000000000   0.512900000000000   0.834100000000000
	   0.079500000000000   0.516900000000000   0.832400000000000
	   0.079300000000000   0.521000000000000   0.830800000000000
	   0.078800000000000   0.525100000000000   0.829300000000000
	   0.077800000000000   0.529500000000000   0.828000000000000
	   0.076400000000000   0.533900000000000   0.827000000000000
	   0.074600000000000   0.538400000000000   0.826100000000000
	   0.072400000000000   0.543100000000000   0.825300000000000
	   0.069800000000000   0.547900000000000   0.824700000000000
	   0.066800000000000   0.552700000000000   0.824300000000000
	   0.063600000000000   0.557700000000000   0.823900000000000
	   0.060000000000000   0.562700000000000   0.823700000000000
	   0.056200000000000   0.567700000000000   0.823400000000000
	   0.052300000000000   0.572700000000000   0.823100000000000
	   0.048400000000000   0.577700000000000   0.822800000000000
	   0.044500000000000   0.582600000000000   0.822300000000000
	   0.040800000000000   0.587400000000000   0.821700000000000
	   0.037200000000000   0.592200000000000   0.820900000000000
	   0.034200000000000   0.596800000000000   0.819800000000000
	   0.031700000000000   0.601200000000000   0.818600000000000
	   0.029600000000000   0.605500000000000   0.817100000000000
	   0.027900000000000   0.609700000000000   0.815400000000000
	   0.026500000000000   0.613700000000000   0.813500000000000
	   0.025500000000000   0.617600000000000   0.811400000000000
	   0.024800000000000   0.621400000000000   0.809100000000000
	   0.024300000000000   0.625000000000000   0.806600000000000
	   0.023900000000000   0.628500000000000   0.803900000000000
	   0.023700000000000   0.631900000000000   0.801000000000000
	   0.023500000000000   0.635200000000000   0.798000000000000
	   0.023300000000000   0.638400000000000   0.794800000000000
	   0.023100000000000   0.641500000000000   0.791600000000000
	   0.023000000000000   0.644500000000000   0.788100000000000
	   0.022900000000000   0.647400000000000   0.784600000000000
	   0.022700000000000   0.650300000000000   0.781000000000000
	   0.022700000000000   0.653100000000000   0.777300000000000
	   0.023200000000000   0.655800000000000   0.773500000000000
	   0.023800000000000   0.658500000000000   0.769600000000000
	   0.024600000000000   0.661100000000000   0.765600000000000
	   0.026300000000000   0.663700000000000   0.761500000000000
	   0.028200000000000   0.666300000000000   0.757400000000000
	   0.030600000000000   0.668800000000000   0.753200000000000
	   0.033800000000000   0.671200000000000   0.749000000000000
	   0.037300000000000   0.673700000000000   0.744600000000000
	   0.041800000000000   0.676100000000000   0.740200000000000
	   0.046700000000000   0.678400000000000   0.735800000000000
	   0.051600000000000   0.680800000000000   0.731300000000000
	   0.057400000000000   0.683100000000000   0.726700000000000
	   0.062900000000000   0.685400000000000   0.722100000000000
	   0.069200000000000   0.687700000000000   0.717300000000000
	   0.075500000000000   0.689900000000000   0.712600000000000
	   0.082000000000000   0.692100000000000   0.707800000000000
	   0.088900000000000   0.694300000000000   0.702900000000000
	   0.095600000000000   0.696500000000000   0.697900000000000
	   0.103100000000000   0.698600000000000   0.692900000000000
	   0.110400000000000   0.700700000000000   0.687800000000000
	   0.118000000000000   0.702800000000000   0.682700000000000
	   0.125800000000000   0.704900000000000   0.677500000000000
	   0.133500000000000   0.706900000000000   0.672300000000000
	   0.141800000000000   0.708900000000000   0.666900000000000
	   0.149900000000000   0.710900000000000   0.661600000000000
	   0.158500000000000   0.712900000000000   0.656100000000000
	   0.167100000000000   0.714800000000000   0.650700000000000
	   0.175800000000000   0.716800000000000   0.645100000000000
