
% Filename : linearViridis.m
% Authors  : Stéfan van der Walt | Nathaniel Smith | Ander Biguri | Manuel C. Kohl
% Date     : 14.12.2016

function rgbMap = linearViridis(n)
	
	rgbValues = [
	   0.267004010000000   0.004874330000000   0.329415190000000
	   0.268510480000000   0.009604830000000   0.335426520000000
	   0.269943840000000   0.014624940000000   0.341378950000000
	   0.271304890000000   0.019941860000000   0.347268620000000
	   0.272593840000000   0.025563090000000   0.353093030000000
	   0.273809340000000   0.031497480000000   0.358852560000000
	   0.274952420000000   0.037751810000000   0.364543230000000
	   0.276022380000000   0.044167230000000   0.370164180000000
	   0.277018400000000   0.050344370000000   0.375714520000000
	   0.277941430000000   0.056324440000000   0.381190740000000
	   0.278790670000000   0.062145360000000   0.386592040000000
	   0.279565500000000   0.067835870000000   0.391917230000000
	   0.280266580000000   0.073417240000000   0.397163490000000
	   0.280893580000000   0.078907030000000   0.402329440000000
	   0.281445810000000   0.084319700000000   0.407414040000000
	   0.281923580000000   0.089666220000000   0.412415210000000
	   0.282327390000000   0.094955450000000   0.417330860000000
	   0.282656330000000   0.100195760000000   0.422160320000000
	   0.282910490000000   0.105393450000000   0.426902020000000
	   0.283090950000000   0.110553070000000   0.431553750000000
	   0.283197040000000   0.115679660000000   0.436114820000000
	   0.283228820000000   0.120777010000000   0.440584040000000
	   0.283186840000000   0.125847990000000   0.444960000000000
	   0.283072000000000   0.130894770000000   0.449241270000000
	   0.282883890000000   0.135920050000000   0.453427340000000
	   0.282622970000000   0.140925560000000   0.457517260000000
	   0.282290370000000   0.145912330000000   0.461509950000000
	   0.281886760000000   0.150881470000000   0.465404740000000
	   0.281412280000000   0.155834250000000   0.469201280000000
	   0.280867730000000   0.160771320000000   0.472899090000000
	   0.280254680000000   0.165692720000000   0.476497620000000
	   0.279573990000000   0.170598840000000   0.479996750000000
	   0.278826180000000   0.175490200000000   0.483396540000000
	   0.278012360000000   0.180366840000000   0.486697020000000
	   0.277134370000000   0.185228360000000   0.489898310000000
	   0.276193760000000   0.190074470000000   0.493000740000000
	   0.275191160000000   0.194905400000000   0.496004880000000
	   0.274128020000000   0.199720860000000   0.498911310000000
	   0.273005960000000   0.204520490000000   0.501720760000000
	   0.271828120000000   0.209303060000000   0.504434130000000
	   0.270594730000000   0.214068990000000   0.507052430000000
	   0.269307560000000   0.218817820000000   0.509576780000000
	   0.267968460000000   0.223549110000000   0.512008400000000
	   0.266579840000000   0.228262100000000   0.514348700000000
	   0.265144500000000   0.232955930000000   0.516599300000000
	   0.263663200000000   0.237630780000000   0.518761630000000
	   0.262138010000000   0.242286190000000   0.520837360000000
	   0.260571030000000   0.246921700000000   0.522828220000000
	   0.258964510000000   0.251536850000000   0.524736090000000
	   0.257322440000000   0.256130400000000   0.526563320000000
	   0.255645190000000   0.260702840000000   0.528311520000000
	   0.253934980000000   0.265253840000000   0.529982730000000
	   0.252194040000000   0.269783060000000   0.531579050000000
	   0.250424620000000   0.274290240000000   0.533102610000000
	   0.248628990000000   0.278775090000000   0.534555610000000
	   0.246811400000000   0.283236620000000   0.535940930000000
	   0.244972080000000   0.287675470000000   0.537260180000000
	   0.243113240000000   0.292091540000000   0.538515610000000
	   0.241237080000000   0.296484710000000   0.539709460000000
	   0.239345750000000   0.300854940000000   0.540843980000000
	   0.237441380000000   0.305202220000000   0.541921400000000
	   0.235526060000000   0.309526570000000   0.542943960000000
	   0.233602770000000   0.313827730000000   0.543914240000000
	   0.231673500000000   0.318105800000000   0.544834440000000
	   0.229739260000000   0.322361270000000   0.545706330000000
	   0.227801920000000   0.326594320000000   0.546532000000000
	   0.225863300000000   0.330805150000000   0.547313530000000
	   0.223925150000000   0.334994000000000   0.548052910000000
	   0.221989150000000   0.339161140000000   0.548752110000000
	   0.220056910000000   0.343306880000000   0.549413040000000
	   0.218129950000000   0.347431540000000   0.550037550000000
	   0.216209710000000   0.351535480000000   0.550627430000000
	   0.214297570000000   0.355619070000000   0.551184400000000
	   0.212394770000000   0.359682730000000   0.551710110000000
	   0.210503100000000   0.363726710000000   0.552206460000000
	   0.208623420000000   0.367751510000000   0.552674860000000
	   0.206756280000000   0.371757750000000   0.553116530000000
	   0.204902570000000   0.375745890000000   0.553532820000000
	   0.203063090000000   0.379716440000000   0.553925050000000
	   0.201238540000000   0.383669890000000   0.554294410000000
	   0.199429500000000   0.387606780000000   0.554642050000000
	   0.197636500000000   0.391527620000000   0.554969050000000
	   0.195859930000000   0.395432970000000   0.555276370000000
	   0.194100090000000   0.399323360000000   0.555564940000000
	   0.192357190000000   0.403199340000000   0.555835590000000
	   0.190631350000000   0.407061480000000   0.556089070000000
	   0.188922590000000   0.410910330000000   0.556326060000000
	   0.187230830000000   0.414746450000000   0.556547170000000
	   0.185555930000000   0.418570400000000   0.556752920000000
	   0.183897630000000   0.422382750000000   0.556943770000000
	   0.182255610000000   0.426184050000000   0.557120100000000
	   0.180629490000000   0.429974860000000   0.557282210000000
	   0.179018790000000   0.433755720000000   0.557430350000000
	   0.177422980000000   0.437527200000000   0.557564660000000
	   0.175841480000000   0.441289810000000   0.557685260000000
	   0.174273630000000   0.445044100000000   0.557792160000000
	   0.172718760000000   0.448790600000000   0.557885320000000
	   0.171176150000000   0.452529800000000   0.557964640000000
	   0.169645730000000   0.456262090000000   0.558030340000000
	   0.168126410000000   0.459988020000000   0.558081990000000
	   0.166617100000000   0.463708130000000   0.558119130000000
	   0.165117030000000   0.467422900000000   0.558141410000000
	   0.163625430000000   0.471132780000000   0.558148420000000
	   0.162141550000000   0.474838210000000   0.558139670000000
	   0.160664670000000   0.478539610000000   0.558114660000000
	   0.159194130000000   0.482237400000000   0.558072800000000
	   0.157729330000000   0.485931970000000   0.558013470000000
	   0.156269730000000   0.489623700000000   0.557936000000000
	   0.154814880000000   0.493312930000000   0.557839670000000
	   0.153364450000000   0.497000030000000   0.557723710000000
	   0.151918200000000   0.500685290000000   0.557587330000000
	   0.150476050000000   0.504369040000000   0.557429680000000
	   0.149039180000000   0.508051360000000   0.557250500000000
	   0.147607310000000   0.511732630000000   0.557048610000000
	   0.146180260000000   0.515413160000000   0.556822710000000
	   0.144758630000000   0.519093190000000   0.556571810000000
	   0.143343270000000   0.522772920000000   0.556294910000000
	   0.141935270000000   0.526452540000000   0.555990970000000
	   0.140535990000000   0.530132190000000   0.555658930000000
	   0.139147080000000   0.533812010000000   0.555297730000000
	   0.137770480000000   0.537492130000000   0.554906250000000
	   0.136408500000000   0.541172640000000   0.554483390000000
	   0.135065610000000   0.544853350000000   0.554029060000000
	   0.133742990000000   0.548534580000000   0.553541080000000
	   0.132444010000000   0.552216370000000   0.553018280000000
